1087
394
583
1813
1700
500
1729
2053
2747
2531
1271
1490
205
733
526
1195
1960
377
2605
2475
1985
386
198
1050
590
519
1747
429
1083
207
491
2688
792
1732
1506
2098
83
2663
2524
20
2259
1344
2545
2485
1662
973
2578
883
1098
1807
2100
886
1370
2287
2764
1971
1273
2445
458
1622
78
2690
1056
906
1349
2044
2488
380
2345
2201
715
1642
686
2367
305
209
1283
2051
2743
1326
885
1405
2179
1431
1426
191
2596
483
915
277
988
1259
1980
571
993
585
1356
2759
1738
674
1451
855
447
1230
1432
2087
2468
2366
2465
294
588
1691
1565
1236
2129
425
534
1054
1599
2312
2012
132
1575
1566
1837
2658
1739
2104
556
1754
1780
2472
570
352
91
1897
2339
1170
1593
1270
1253
697
2314
348
2444
2587
1957
1137
2711
2673
2623
2609
2298
453
913
1199
1601
37
974
2560
983
2013
1684
39
1544
169
737
1337
2491
1626
634
1647
579
1909
1413
892
1587
780
159
1465
1422
2140
61
849
1904
2669
1043
2304
2760
1477
1070
53
1907
505
752
2670
1752
1713
1456
2763
1266
2275
771
2591
1503
2478
1085
1472
1468
2522
1592
1886
2072
1163
963
1784
398
584
948
704
431
292
145
1777
1878
1165
2
576
2119
339
2678
925
265
376
1598
271
696
1995
244
2234
476
1452
1475
1586
2538
2035
1651
2010
250
413
545
1193
2032
310
893
1131
2683
15
1674
721
2431
981
2668
2233
363
1839
182
985
1709
1194
1514
1437
1121
187
619
2249
1175
1789
2021
614
1845
994
934
371
1650
1953
593
726
826
687
2045
136
628
334
1820
2127
1109
1486
2490
710
1039
1616
1588
1778
2547
2461
1112
465
1223
2258
2736
2161
1104
1775
338
1786
1717
2322
2128
1444
2329
816
1067
274
2073
865
101
1900
107
2624
2754
2162
2633
1509
2753
2079
2155
2474
1844
712
72
2723
2662
481
2529
1749
2731
1171
2262
1812
2046
1766
405
757
2362
1999
1611
97
1333
2202
743
806
2559
1694
2307
2619
1725
148
1517
2463
2692
1769
692
818
1386
2103
2615
2584
701
2452
921
1424
905
454
2240
2123
2750
167
730
1945
1310
26
1657
2097
1730
997
1176
1040
2464
1551
2181
1379
41
1535
2005
2407
2392
1964
609
1132
28
441
1929
1947
493
1258
1301
2178
1382
1304
236
551
520
2138
1232
1138
720
735
2703
58
631
1181
2024
592
1303
1387
2416
2034
1583
939
2577
1249
904
1279
2707
2656
1902
2346
1142
2194
706
2439
1022
745
1546
2170
2348
513
81
2457
1308
914
1404
2550
1108
150
774
329
6
943
1963
734
909
468
181
164
2447
451
490
1721
1143
1311
2071
1111
2638
1441
1620
1829
1074
2364
1866
2159
2091
2121
327
442
1961
1701
832
2187
1867
1414
1201
1499
1618
86
1403
2701
1481
777
1883
54
2175
1287
2388
1940
1245
113
2595
987
501
1937
1009
1198
1394
589
768
17
1042
1447
2272
285
2436
428
1328
1672
669
31
1341
722
951
2113
214
989
1164
326
560
1383
1086
2147
341
1653
147
2154
2223
1107
848
966
1072
2273
155
665
1977
1002
2270
2323
176
2554
1524
2606
1203
2011
2599
2057
2280
2118
875
2487
938
2592
1552
346
2315
2740
1748
385
1948
2316
2015
243
1835
936
1689
2382
312
1459
2700
1876
1332
968
1454
660
935
370
566
1024
824
982
2238
1808
1645
2384
2479
2306
813
1430
778
1320
1872
2651
1052
2137
1013
1401
2252
2527
2533
126
887
2266
1347
1007
355
1003
1483
682
827
1750
1814
1833
984
1233
2355
1826
140
217
2274
2039
2460
345
1788
22
711
1157
2735
871
1798
10
2227
2096
2610
793
1315
754
626
94
1801
129
1708
843
323
2397
2338
1284
1671
2682
14
2086
947
215
2003
2208
1182
2033
1926
864
1658
516
1545
597
195
1277
288
950
2626
2411
2639
1120
1938
549
156
419
922
2020
477
1979
1692
2042
2030
1523
1471
553
1202
390
578
1669
2564
2023
2738
1639
820
2649
1006
1248
2014
664
2456
142
2414
1046
421
1660
1714
799
2412
615
1318
295
401
88
2269
1772
2724
131
1939
1927
77
1402
2634
2403
1188
724
1314
2166
1851
269
2115
2295
2158
2661
1372
1855
2404
917
1987
1319
2374
2653
587
1962
2756
375
333
2120
2602
1604
1840
1118
1942
1442
1913
910
776
2438
328
2328
1342
320
1619
1665
2257
12
897
171
1673
260
2167
689
901
2517
258
844
1891
2551
138
1828
1573
319
653
2184
0
558
139
112
531
224
723
2337
2571
2372
1433
325
2145
1323
2232
1458
2063
2493
714
846
193
1464
573
946
503
1629
2132
117
645
1870
3
74
1755
467
1345
5
1246
919
547
228
1063
542
242
898
2518
1160
822
2299
2321
349
2381
2134
842
1373
2340
2116
1526
1605
2574
276
661
2453
2349
2611
1764
2165
314
1975
1466
1761
1343
1305
691
1541
612
424
1577
594
2741
1392
2546
2480
622
33
1493
2004
227
110
1169
108
232
66
1417
2499
24
1235
2297
144
536
811
125
1497
85
1254
2293
1976
2271
2142
2050
484
1654
2008
2469
2644
2092
738
805
2429
2726
2028
2256
1774
362
749
918
1646
1026
1030
882
1335
2286
2052
364
27
473
525
725
55
638
302
2409
1276
2749
624
2055
1280
1049
336
47
106
1079
1144
1836
1753
1101
1968
523
1428
2408
603
1489
2164
60
2540
671
92
666
1887
280
1719
359
899
1935
1994
760
2422
42
204
1473
68
1875
2192
137
796
758
541
1019
2110
165
248
1331
2017
446
1358
1329
2686
434
577
2204
2635
1848
762
388
235
2406
1984
267
770
437
673
249
1574
2081
2418
2370
2530
448
1469
716
2210
2415
2048
1901
1168
82
2685
1460
1893
1668
2000
475
517
404
384
2244
1633
2642
688
1240
62
852
2542
1262
223
373
1824
2342
2650
2399
2477
9
1944
1838
708
255
1617
389
1581
924
2036
2215
1224
1946
739
40
868
539
2318
1371
1145
1031
372
667
357
967
1353
1035
470
1396
2421
1549
1256
2094
1555
2751
1250
1699
1252
2570
79
1172
814
1852
2427
2105
133
1140
933
928
823
1531
1214
504
2734
1996
1958
1384
894
828
2695
1683
2376
2360
2320
652
172
38
2643
713
90
2727
1205
2387
1827
1155
1324
216
510
1680
499
2288
1856
1388
1519
2512
2076
1540
1217
1416
2217
2325
1676
1197
1542
953
750
234
732
2758
1156
2375
1209
1065
2156
1062
1167
1492
2283
884
143
2716
850
717
2627
264
75
395
2350
2224
2588
396
1365
2308
1903
595
2109
1296
1821
872
2687
1548
36
2332
2143
2358
977
1571
1122
2239
1892
675
728
412
1516
1649
825
616
114
417
1625
2713
89
2082
753
1630
11
284
1066
1191
1440
2590
2589
2502
1568
2379
1687
851
2207
895
496
2305
1782
335
515
1348
1015
2597
1781
1785
2070
356
2636
1312
1635
550
2265
1227
2473
957
1773
2141
1008
1092
2467
996
1679
153
2630
580
1470
703
1212
896
487
559
1141
1119
512
633
2386
1664
1012
1931
1150
2594
116
740
2553
1974
1081
1810
830
119
656
2523
2484
2706
635
369
268
46
991
876
773
1219
1126
4
1595
2311
1077
837
681
1715
2352
2361
2197
1148
574
50
853
1982
1823
833
1115
1166
1906
971
399
2368
19
684
35
2616
524
920
1841
1890
537
1705
2705
245
784
1409
154
1686
625
2654
1346
569
1758
1816
2065
127
2745
2006
980
2742
190
1139
992
699
606
180
301
2565
1060
2608
2655
1069
2205
1243
16
2748
546
658
2496
2526
1504
959
2331
797
225
2074
1799
2733
2277
2085
1693
1045
469
954
2744
639
2679
1218
1158
1415
2505
1527
2696
1300
2648
1603
160
1704
956
2691
877
1919
1884
2200
98
2614
253
103
1445
1443
1648
586
627
1696
2101
2199
403
1154
2255
1682
2056
2629
452
2301
1327
2049
880
2693
623
2393
2562
1787
262
1634
1438
2198
1969
2520
1802
640
2385
2617
1959
488
1843
1734
146
1534
1986
1369
2450
2710
659
1794
2511
186
1147
608
2191
1930
197
2327
293
766
400
122
202
835
2294
1439
1733
1695
1707
2689
1153
1661
2432
1759
854
1589
2267
641
1
2160
698
1636
1291
2672
2489
1520
1853
1136
2675
1631
1998
663
683
1257
317
648
1434
1479
709
1282
1768
972
1306
1400
1408
2237
1496
2038
1529
1663
1354
2699
2718
1643
1051
795
1597
2604
2625
1819
1722
1183
2572
1059
540
1678
2665
2532
1757
1923
95
1020
563
863
1484
1881
1038
206
392
870
397
2659
1028
1485
960
1570
1895
2146
804
1751
2454
502
779
1863
200
2182
2088
2278
1796
378
2336
418
1698
391
2640
1522
1162
1495
2027
1152
1367
2568
64
2062
1180
492
379
2235
763
2264
791
1076
878
337
2343
1016
1275
455
815
2317
995
1981
201
161
1579
2449
702
1500
1129
2613
1021
1585
1955
2253
34
775
2556
1478
1390
2139
1363
2612
2041
241
2061
2363
600
2435
1297
2214
2068
646
1528
1267
1899
562
189
1806
975
2047
2558
1082
474
747
2300
21
459
1184
2324
955
1215
2433
1515
2391
769
1685
130
2135
1482
330
1238
466
2169
1638
1095
1130
1294
860